640     6.89893
690     6.89554
2251    6.9646
2731    6.96196
4047    7.02688
4052    7.0522
4434    7.0396
4438    7.05906
4681    6.996
4810    6.98624
5631    7.02117
5680    7.025
7066    7.12514
7071    7.05536
7291    7.06945
7488    7.06715
7990    7.06578
7990    7.07522
8139    7.11076
8389    7.10496
8438    7.11543
8492    7.10212
8505    7.06892
8517    7.13812
8664    7.11596
9127    7.14262
9138    7.12949
9244    7.16526
9813    7.18008
10149   7.13759
10338   7.18434
10485   7.20115
10507   7.17012
10793   7.20216
10956   7.14078
11695   7.18535
11940   7.14463
12239   7.19167
12778   7.24635
12939   7.22403
13255   7.25227
13550   7.2073
13833   7.20272
13962   7.22532
14242   7.26925
14496   7.25535
14836   7.27281
15130   7.30292
15418   7.29025
15498   7.29049
16991   7.3026
17461   7.28999
17563   7.34214
17924   7.28849
19455   7.40471
19716   7.33563
19998   7.36012
20404   7.39978
21111   7.3629
22368   7.38267
24094   7.44401
24661   7.49956
24742   7.47648
24790   7.5131
24976   7.51209
25161   7.47439
26493   7.55037
28936   7.56054
29905   7.64826
31351   7.72334
33109   7.75046
36100   7.86746
50765   8.13179
66556   8.44301
71673   8.46663
74125   8.57718
75696   8.55737
95865   8.91271
107542  9.12382
231274  11.531
